9.986395868848020330e-01
1.006147913099180391e+00
1.005045789409899859e+00
1.000000000000000000e+00
7.022116564925072746e-01
2.002818504518592224e+00
1.004135384883116870e+02
4.420490202791553202e+03
6.000000000000000000e+00
6.000000000000000000e+00
4.430328286132623750e-01
4.866064887682655660e-01
4.866064887682655660e-01
1.004799587199660005e+00
1.883557210552265493e-01
2.500001655966114719e-02
3.698529634568787028e+00
5.318134047855171076e+00
7.007421731343141946e-01
1.667060886588717539e+00
1.414134088179947457e-01
7.326295327561250792e-01
2.000000250190257234e-01
5.624296493257848611e-03
6.704271203427951686e-01
1.505358606889221863e-03
8.020729306814696757e-01
2.386256889132939291e-02
8.500008779766040634e-01
4.395506764312470498e-03
0.000000000000000000e+00
1.843140650330749595e-03
0.000000000000000000e+00
0.000000000000000000e+00
0.000000000000000000e+00
0.000000000000000000e+00
3.220624050051352875e-03
2.557802576136631104e-03
1.213717156654647682e-02
0.000000000000000000e+00
0.000000000000000000e+00
1.219252150814419859e-03
3.571247359048583016e-03
