9.987088148134551924e-01
1.006175295980195949e+00
1.005049924644858761e+00
1.000000000000000000e+00
7.065074811727646287e-01
1.958224709170147237e+00
1.002326991825075737e+02
4.115952332286111414e+03
6.000000000000000000e+00
6.000000000000000000e+00
4.406432102111493831e-01
4.868408053302737959e-01
4.868408053302737959e-01
1.004799486757969706e+00
1.880837062364590084e-01
2.500003035466890136e-02
3.691131983724044829e+00
5.240231705805447504e+00
7.083967755567536217e-01
1.659085211510075375e+00
1.323501380537895900e-01
7.318136966416579625e-01
2.000000458619569099e-01
5.457632108503500043e-03
6.814764882307950966e-01
1.478338111608550141e-03
8.144805163338687537e-01
2.271908969951254992e-02
8.500016093774045434e-01
4.383507807517199838e-03
0.000000000000000000e+00
1.783289543195299906e-03
0.000000000000000000e+00
0.000000000000000000e+00
0.000000000000000000e+00
0.000000000000000000e+00
3.220623258697700129e-03
2.557804722186500165e-03
1.213716870628040075e-02
0.000000000000000000e+00
0.000000000000000000e+00
1.219253942549500041e-03
3.571245158999699926e-03
