9.954792999999999975e-03 7.390167999999999911e-03 1.414727699999999977e-02 8.447819999999999982e-03 2.074037999999999923e-02
1.995500500000000135e-02 1.288095499999999949e-02 7.010233200000000331e-02 6.748462999999999684e-03 2.108528700000000117e-02
1.660191100000000045e-02 1.537234099999999944e-02 4.200776199999999710e-02 1.039967600000000006e-02 2.259724999999999928e-02
1.763355399999999920e-02 7.314287000000000045e-03 7.337011300000000069e-02 7.223315999999999591e-03 2.252872200000000102e-02
1.579250999999999919e-02 1.904152000000000101e-03 6.379056700000000635e-02 1.032824899999999942e-02 2.312200500000000103e-02
1.443350900000000062e-02 1.162152200000000045e-02 2.186164499999999900e-02 8.815104000000000689e-03 2.509704399999999891e-02
6.987913000000000111e-03 6.579634000000000003e-03 6.885322999999999617e-03 8.218806000000000375e-03 2.696684300000000076e-02
5.388811000000000295e-03 7.796304000000000428e-03 -5.428882000000000325e-03 6.195728999999999646e-03 2.216292400000000051e-02
7.358845999999999617e-03 1.311125800000000063e-02 -2.039820599999999859e-02 1.176744400000000017e-02 2.034891000000000130e-02
7.260159999999999877e-03 1.029503499999999926e-02 1.080420200000000060e-02 5.648542999999999793e-03 1.905500599999999933e-02
1.220652900000000068e-02 1.244743100000000012e-02 6.192969000000000425e-03 6.399268999999999964e-03 1.900867200000000076e-02
4.912546999999999747e-03 7.938884000000000218e-03 1.167299699999999919e-02 5.356366000000000425e-03 1.947163500000000103e-02
4.318363000000000410e-03 5.111723000000000308e-03 -3.281129999999999941e-04 4.846216000000000412e-03 1.884643199999999977e-02
2.112618000000000135e-03 -1.319826999999999979e-03 -5.851139999999999683e-04 3.709304999999999981e-03 1.672767600000000035e-02
6.535247000000000105e-03 3.914154000000000418e-03 7.433948000000000118e-03 4.651488999999999971e-03 1.506202000000000062e-02
1.796836999999999913e-03 7.445272999999999648e-03 -7.599935000000000371e-03 6.004594000000000251e-03 1.520320999999999999e-02
4.836337999999999922e-03 1.210260900000000028e-02 -4.315529999999999713e-03 5.867599000000000252e-03 1.508555699999999944e-02
8.422916000000000777e-03 9.751595000000000055e-03 9.031650999999999915e-03 6.520373999999999788e-03 1.609556499999999918e-02
6.237640000000000025e-03 6.296407999999999866e-03 7.545455999999999865e-03 7.359784999999999765e-03 1.654055100000000056e-02
1.438457299999999946e-02 6.338673999999999871e-03 3.322337499999999944e-02 7.784588999999999745e-03 1.672767600000000035e-02
2.982027999999999849e-03 1.171523300000000024e-02 -2.298493399999999853e-02 7.724456999999999678e-03 1.611900499999999875e-02
1.057897499999999914e-02 8.177993999999999195e-03 8.434946000000000457e-03 9.872360000000000163e-03 1.728821499999999914e-02
3.026495000000000140e-03 1.072905700000000018e-02 -1.111446399999999925e-02 1.200475299999999995e-02 1.919395999999999949e-02
1.037088000000000072e-02 8.680511000000000130e-03 1.481859100000000075e-02 8.532814999999999150e-03 2.032586299999999957e-02
8.004175999999999999e-03 5.266383999999999822e-03 1.616255100000000069e-02 1.014419000000000085e-02 2.255156700000000153e-02
5.485595999999999701e-03 5.898025000000000316e-03 -1.096573900000000039e-02 1.046245699999999966e-02 2.321315399999999973e-02
5.065400999999999758e-03 4.547314000000000217e-03 -4.384815999999999714e-03 7.316274000000000215e-03 2.172784300000000016e-02
1.847150000000000094e-04 9.652871000000000368e-03 -1.842678799999999950e-02 6.634315000000000004e-03 2.064832499999999862e-02
2.773185999999999967e-03 -1.105329999999999936e-04 6.391418999999999746e-03 1.109181499999999966e-02 1.981829499999999966e-02
1.777434999999999952e-03 6.824357999999999987e-03 -2.090227500000000141e-02 1.024953299999999991e-02 1.979519899999999943e-02
-2.134000999999999953e-03 9.104681999999999359e-03 -2.384968299999999999e-02 8.970412999999999998e-03 1.961035699999999840e-02
-1.147370300000000003e-02 -4.939779999999999519e-04 -5.547782300000000250e-02 7.739333999999999623e-03 1.863768299999999864e-02
-6.766653000000000077e-03 -7.585172000000000268e-03 -3.478177799999999931e-02 9.846649000000000720e-03 1.557932700000000045e-02
5.838728999999999968e-03 5.799551000000000012e-03 -4.789569999999999939e-03 6.704685000000000158e-03 1.423682000000000072e-02
2.486387000000000059e-03 9.385220000000000107e-04 1.155990600000000000e-02 7.179383999999999592e-03 1.371672500000000079e-02
1.711760000000000104e-03 1.703508000000000062e-03 8.932469000000000173e-03 5.264836000000000168e-03 1.176860199999999954e-02
9.258809999999999263e-03 1.609841600000000081e-02 -9.044750000000000706e-03 4.566251000000000337e-03 9.853251000000000370e-03
8.755755999999999956e-03 5.389472999999999660e-03 3.262319699999999961e-02 6.321026000000000422e-03 9.251680999999999447e-03
7.079165000000000110e-03 9.147871999999999601e-03 7.229649000000000318e-03 4.644058999999999861e-03 8.019972999999999685e-03
6.752099000000000122e-03 8.537052999999999309e-03 1.878375499999999920e-02 6.897841000000000042e-03 7.486768999999999889e-03
-1.000362000000000083e-03 1.270239000000000047e-03 1.068891800000000038e-02 6.014255999999999942e-03 7.486768999999999889e-03
3.673782000000000002e-03 4.361198000000000158e-03 1.042961000000000062e-02 6.006024000000000432e-03 7.389701000000000256e-03
3.142555000000000001e-03 7.536084000000000185e-03 -1.529666000000000055e-03 5.087943999999999627e-03 7.535288999999999703e-03
1.001321500000000066e-02 3.863820000000000015e-03 3.553890900000000047e-02 5.610884000000000010e-03 7.365428000000000253e-03
7.042360999999999586e-03 5.788174000000000097e-03 2.889516099999999907e-02 5.184015999999999624e-03 7.898890000000000425e-03
1.140926899999999966e-02 5.661163000000000306e-03 3.276003699999999880e-02 4.912945000000000159e-03 9.660906000000000354e-03
3.590691000000000022e-03 6.737163000000000006e-03 -9.237288999999999223e-03 4.996997000000000418e-03 1.098029699999999997e-02
8.328794000000000475e-03 3.866605999999999863e-03 3.266237300000000149e-02 5.657419000000000336e-03 1.260197600000000084e-02
1.699449999999999919e-03 3.570250999999999980e-03 -2.508470000000000057e-03 6.026212000000000409e-03 1.411871200000000028e-02
1.315236000000000009e-03 8.813962999999999312e-03 -1.578122200000000100e-02 4.462716999999999726e-03 1.461439200000000035e-02
6.426864000000000014e-03 4.596023000000000296e-03 8.946899999999999601e-04 4.270847000000000358e-03 1.409508299999999957e-02
4.491364000000000294e-03 3.355163999999999890e-03 1.390255299999999979e-02 4.766534999999999696e-03 1.390597600000000045e-02
4.706870000000000151e-03 8.092254999999999587e-03 6.368234999999999868e-03 5.097828999999999902e-03 1.305321800000000011e-02
1.482880599999999993e-02 1.000663700000000052e-02 3.260474700000000337e-02 3.767222000000000192e-03 1.276831800000000072e-02
4.641796999999999590e-03 3.744720999999999900e-03 2.034773200000000032e-02 4.533205999999999694e-03 1.293454900000000005e-02
8.333691000000000709e-03 7.275397999999999761e-03 7.640000000000000035e-05 4.215120000000000151e-03 1.286331999999999927e-02
4.225515000000000000e-03 4.155236999999999993e-03 1.682571799999999992e-02 4.906020999999999993e-03 1.286331999999999927e-02
1.087850999999999922e-02 3.122001000000000116e-03 1.929229400000000150e-02 4.638531000000000425e-03 1.343258100000000073e-02
1.068990899999999918e-02 1.146012599999999930e-02 2.105906899999999971e-02 2.905768999999999887e-03 1.345627200000000002e-02
4.843891000000000342e-03 7.970876000000000003e-03 8.335011999999999283e-03 3.419767000000000206e-03 1.340888699999999954e-02
7.780511999999999845e-03 7.936655000000000793e-03 2.424616900000000144e-02 1.438419000000000026e-03 1.343258100000000073e-02
6.963129000000000193e-03 1.112712400000000039e-02 9.189380000000000031e-04 2.287022000000000100e-03 1.338519200000000062e-02
1.032111900000000013e-02 9.029663999999999746e-03 1.796114799999999970e-02 3.597809999999999897e-03 1.345627200000000002e-02
1.378932000000000074e-02 6.437996999999999991e-03 3.125708900000000179e-02 2.614215000000000028e-03 1.186398500000000050e-02
5.776449999999999814e-03 8.482079000000000008e-03 1.173735599999999914e-02 3.738934000000000181e-03 1.155385599999999950e-02
4.901123000000000285e-03 1.066123599999999928e-02 4.411240999999999773e-03 4.113013000000000433e-03 1.160159300000000032e-02
9.788632999999999709e-03 1.031285000000000014e-02 1.599867599999999987e-02 3.572591999999999868e-03 1.241173500000000013e-02
1.385798100000000012e-02 1.405675900000000027e-02 1.488263499999999996e-02 4.925688999999999589e-03 1.293454900000000005e-02
-1.085990400000000008e-02 -1.914619000000000000e-03 -6.816120000000000165e-03 7.331021000000000065e-03 1.381136900000000042e-02
1.578515399999999916e-02 1.066227099999999921e-02 2.802417199999999997e-02 5.490773000000000008e-03 1.520320999999999999e-02
-1.836462000000000077e-03 7.323040999999999752e-03 -1.168243000000000059e-02 6.410630999999999968e-03 1.579064399999999951e-02
2.353884000000000098e-03 7.511518000000000014e-03 -5.016668000000000169e-03 5.341244999999999674e-03 1.567326700000000114e-02
-5.477476000000000220e-03 9.476110000000000045e-04 -3.732954699999999765e-02 6.492353999999999660e-03 1.359837099999999972e-02
2.387592000000000013e-03 -2.780000000000000149e-05 -1.251682200000000036e-02 6.856730999999999590e-03 1.059719200000000007e-02
-6.191870000000000360e-03 -2.410517999999999949e-03 -1.524913699999999941e-02 3.256030000000000035e-03 8.600356999999999447e-03
-8.531559999999999882e-04 -2.622810000000000050e-04 -1.425480800000000076e-02 3.126766999999999914e-03 5.269081000000000112e-03
7.078377000000000280e-03 3.749113000000000098e-03 1.075979999999999992e-02 2.868490000000000015e-03 4.288015000000000056e-03
2.543189999999999860e-03 7.527428000000000070e-03 3.405309999999999826e-04 4.216649999999999739e-03 4.337159999999999627e-03
1.789664999999999962e-03 2.774033999999999875e-03 1.469175000000000082e-03 4.421923999999999820e-03 4.312588000000000012e-03
-2.420143999999999941e-03 4.814413000000000026e-03 -1.233671299999999915e-02 5.278292000000000400e-03 3.574326000000000066e-03
-2.175648000000000078e-03 1.815238999999999958e-03 -8.457439000000000623e-03 6.237074999999999911e-03 3.105629999999999849e-03
6.366998999999999923e-03 2.694853000000000092e-03 8.843395999999999896e-03 3.057751999999999953e-03 3.105629999999999849e-03
1.352902400000000060e-02 9.726873999999999937e-03 2.819265199999999860e-02 5.478201999999999725e-03 2.537082999999999873e-03
7.626248999999999875e-03 3.988392999999999800e-03 1.954904999999999837e-02 5.150896000000000294e-03 2.487582999999999808e-03
5.697986000000000370e-03 9.300440999999999570e-03 3.275254000000000013e-03 8.465791999999999762e-03 2.487582999999999808e-03
5.143519000000000042e-03 3.054731000000000200e-03 2.397860699999999901e-02 7.978344999999999534e-03 2.512334000000000182e-03
5.179468999999999913e-03 5.813941999999999895e-03 9.154792000000000138e-03 6.797863000000000343e-03 3.549679999999999936e-03
5.137316999999999752e-03 8.069365999999999692e-03 1.467043099999999940e-02 7.162739999999999906e-03 4.828078000000000404e-03
8.158805999999999350e-03 2.138844999999999896e-03 1.764406500000000044e-02 8.972634000000000165e-03 6.099972000000000380e-03
2.661544999999999970e-03 5.848884999999999848e-03 -2.925076999999999885e-03 6.884633000000000246e-03 7.244027000000000105e-03
4.894202000000000274e-03 7.712562000000000063e-03 4.427831999999999602e-03 9.427517999999999315e-03 8.503719999999999335e-03
2.113134000000000019e-03 6.278773999999999987e-03 9.377210999999999880e-03 7.772827999999999855e-03 9.757096999999999298e-03
9.720556999999999462e-03 2.863436000000000019e-03 1.739295000000000077e-02 7.499727999999999777e-03 1.090850900000000026e-02
-1.620000000000000075e-05 4.432186000000000285e-03 -1.350857199999999994e-02 8.237051999999999916e-03 1.198316299999999980e-02
-2.349191999999999947e-03 3.544607999999999873e-03 -1.053074700000000002e-02 6.910745999999999729e-03 1.279207199999999982e-02
4.522787999999999808e-03 1.373754000000000034e-03 -1.583624800000000069e-02 3.584008000000000072e-03 1.279207199999999982e-02
-3.369004000000000096e-03 1.212065999999999925e-03 -1.516784000000000014e-02 1.104811200000000056e-02 1.281582300000000049e-02
4.717278999999999570e-03 2.894943000000000082e-03 4.331604000000000183e-03 5.725530999999999850e-03 1.279207199999999982e-02
3.730227000000000022e-03 3.883876000000000082e-03 -8.616986000000000090e-03 3.296621999999999920e-03 1.236415199999999978e-02
7.001340000000000428e-04 5.624732999999999816e-03 -1.984405699999999828e-02 4.245943000000000286e-03 1.100422099999999979e-02
